neutral_skin 长度: 72006
bs_neutral 长度: 72006
neutral_skin vs bs_neutral 最大差 = 0.890041
frontalMask 顶点数: 4262 分量数: 12786
pcm: 78430 samples (4.90s) RMS=0.12408
scaleFactor = 0.9903

总中心帧 = 360
jawOpen: 0.048 0.056 0.082 0.101 0.104 0.108 0.112 0.113 0.114 0.115 0.114 0.113 0.111 0.109 0.109 0.109 0.109 0.109 0.109 0.109 0.109 0.109 0.109 0.108 0.108 0.108 0.108 0.108 0.108 0.107 0.127 0.166 0.205 0.240 0.262 0.267 0.262 0.251 0.246 0.239 0.234 0.239 0.246 0.249 0.247 0.234 0.215 0.186 0.137 0.120 0.099 0.072 0.049 0.025 0.004 0.000 0.000 0.000 0.000 0.004 0.053 0.127 0.206 0.266 0.305 0.323 0.312 0.276 0.242 0.212 0.193 0.182 0.179 0.184 0.193 0.207 0.223 0.242 0.261 0.271 0.262 0.238 0.202 0.159 0.114 0.076 0.049 0.032 0.018 0.007 0.002 0.000 0.000 0.000 0.000 0.000 0.000 0.000 0.000 0.000 0.000 0.000 0.000 0.000 0.000 0.000 0.000 0.000 0.000 0.000 0.000 0.000 0.000 0.000 0.000 0.000 0.018 0.067 0.101 0.127 0.161 0.202 0.251 0.303 0.350 0.401 0.461 0.518 0.546 0.537 0.491 0.437 0.388 0.375 0.363 0.411 0.521 0.651 0.728 0.787 0.821 0.852 0.873 0.883 0.885 0.880 0.865 0.839 0.809 0.776 0.711 0.634 0.549 0.468 0.405 0.364 0.336 0.312 0.307 0.336 0.382 0.440 0.510 0.573 0.648 0.692 0.701 0.690 0.644 0.598 0.509 0.471 0.458 0.441 0.420 0.394 0.362 0.330 0.303 0.269 0.209 0.128 0.045 0.000 0.000 0.000 0.000 0.036 0.081 0.138 0.185 0.203 0.228 0.269 0.300 0.318 0.344 0.393 0.447 0.474 0.495 0.498 0.496 0.491 0.489 0.500 0.540 0.615 0.697 0.792 0.888 0.958 0.986 0.969 0.908 0.823 0.741 0.654 0.592 0.551 0.524 0.506 0.499 0.496 0.490 0.478 0.462 0.435 0.395 0.342 0.281 0.219 0.152 0.087 0.054 0.035 0.030 0.026 0.024 0.021 0.011 0.051 0.161 0.284 0.365 0.417 0.449 0.446 0.416 0.360 0.271 0.154 0.089 0.051 0.048 0.101 0.203 0.347 0.457 0.498 0.454 0.335 0.211 0.149 0.116 0.105 0.148 0.196 0.242 0.279 0.314 0.345 0.373 0.397 0.417 0.431 0.441 0.442 0.435 0.416 0.381 0.325 0.257 0.197 0.107 0.024 0.000 0.000 0.000 0.000 0.000 0.000 0.000 0.000 0.000 0.000 0.000 0.010 0.051 0.095 0.162 0.229 0.284 0.330 0.370 0.403 0.437 0.473 0.503 0.523 0.534 0.537 0.535 0.527 0.518 0.511 0.508 0.519 0.529 0.536 0.537 0.535 0.528 0.514 0.495 0.470 0.445 0.421 0.399 0.370 0.337 0.308 0.277 0.247 0.219 0.194 0.178 0.167 0.163 0.162 0.162 0.163 0.165 0.165 0.164 0.162 0.159 0.156 0.154 0.151 0.150 0.149 0.148 0.146 0.145 0.145 0.144 0.144 0.143 0.140
jawOpen max=0.9863 min=0.0000
mouthClose: 0.111 0.034 0.052 0.022 0.000 0.000 0.000 0.000 0.000 0.000 0.000 0.000 0.000 0.000 0.000 0.000 0.000 0.000 0.000 0.000 0.000 0.000 0.000 0.000 0.000 0.000 0.000 0.000 0.000 0.000 0.000 0.004 0.030 0.057 0.083 0.107 0.128 0.155 0.193 0.239 0.291 0.359 0.432 0.513 0.593 0.656 0.675 0.667 0.637 0.559 0.446 0.341 0.262 0.216 0.205 0.179 0.144 0.100 0.066 0.050 0.013 0.024 0.044 0.070 0.077 0.085 0.098 0.126 0.148 0.142 0.190 0.258 0.307 0.351 0.388 0.415 0.431 0.436 0.433 0.433 0.416 0.380 0.325 0.240 0.160 0.106 0.069 0.043 0.024 0.008 0.011 0.025 0.054 0.102 0.175 0.206 0.213 0.220 0.212 0.206 0.245 0.298 0.360 0.425 0.492 0.558 0.617 0.660 0.668 0.624 0.544 0.441 0.334 0.251 0.158 0.093 0.114 0.108 0.129 0.145 0.152 0.144 0.148 0.135 0.123 0.111 0.088 0.091 0.110 0.124 0.111 0.116 0.158 0.115 0.050 0.039 0.104 0.131 0.169 0.220 0.276 0.321 0.360 0.402 0.434 0.458 0.473 0.478 0.482 0.485 0.494 0.505 0.527 0.552 0.566 0.605 0.679 0.772 0.841 0.899 0.952 1.000 1.000 1.000 1.000 1.000 1.000 1.000 0.893 0.777 0.636 0.476 0.328 0.221 0.201 0.155 0.093 0.061 0.073 0.080 0.090 0.102 0.124 0.121 0.095 0.078 0.104 0.090 0.099 0.167 0.276 0.459 0.412 0.257 0.204 0.275 0.444 0.658 0.560 0.592 0.595 0.548 0.455 0.355 0.277 0.248 0.262 0.283 0.260 0.197 0.123 0.054 0.007 0.000 0.000 0.000 0.000 0.000 0.000 0.000 0.000 0.000 0.000 0.000 0.000 0.000 0.008 0.033 0.061 0.096 0.138 0.178 0.246 0.305 0.285 0.253 0.192 0.150 0.140 0.204 0.455 0.610 0.617 0.550 0.535 0.530 0.506 0.477 0.460 0.471 0.576 0.715 0.746 0.766 0.743 0.649 0.593 0.423 0.420 0.449 0.485 0.555 0.578 0.527 0.466 0.410 0.280 0.207 0.156 0.124 0.108 0.105 0.114 0.129 0.146 0.161 0.179 0.189 0.193 0.195 0.197 0.195 0.120 0.104 0.157 0.146 0.108 0.061 0.037 0.022 0.011 0.000 0.000 0.000 0.000 0.000 0.000 0.012 0.068 0.147 0.269 0.394 0.503 0.587 0.584 0.588 0.596 0.605 0.615 0.626 0.636 0.639 0.635 0.634 0.639 0.649 0.661 0.669 0.681 0.697 0.716 0.736 0.757 0.778 0.794 0.748 0.693 0.643 0.595 0.546 0.491 0.446 0.424 0.414 0.411 0.409 0.401 0.392 0.383 0.379 0.374 0.369 0.362 0.354 0.345 0.334 0.324 0.314 0.304 0.296 0.289 0.282 0.276 0.270 0.265 0.260 0.255 0.250 0.246 0.243
mouthClose max=1.0000
